[Battle of Bands.jpg]
moddate=48723416f128d001
width=438
height=350
text=2;125;1;9;Agency FB;0.369275,0.884152,0.061424,0.000000;v1,4286677890,4278190080,128.000000,1.000000,0.000000,1.000000,700,0,49152;;126;2;TH;Agency FB;0.394969,0.891416,0.033333,0.000000;v1,4286677890,4278190080,128.000000,1.000000,0.000000,1.000000,700,0,49152;;
textactive=1
